cam0:
  T_cam_imu:
  - [-0.0075351059621511784, -0.999956901969246, -0.005423687141153322, 0.04254672195671921]
  - [0.0012784315049507167, 0.005414203439058324, -0.9999845258872788, 0.004094316467069525]
  - [0.9999707934690016, -0.007541923175586385, 0.0012375798104563573, -0.034829697305523405]
  - [0.0, 0.0, 0.0, 1.0]
  cam_overlaps: [1]
  camera_model: pinhole
  distortion_coeffs: [-0.0022935028884106365, 0.0006054612110503295, 0.00011634396894894043,
    -0.00033356580011331086]
  distortion_model: radtan
  intrinsics: [311.4072948650757, 311.4326863965789, 364.3255139260056, 256.16909611655075]
  resolution: [752, 480]
  rostopic: /stereo_rectify/left/image
  timeshift_cam_imu: 0.0001823087785651441
cam1:
  T_cam_imu:
  - [-0.007927403335080518, -0.9999540679042167, -0.005386869050942711, -0.07798082195912434]
  - [0.0010694278255822809, 0.005378557314575344, -0.9999849636096234, 0.003929755919823125]
  - [0.9999680057884297, -0.007933045003205186, 0.0010267407113275784, -0.03492359186394946]
  - [0.0, 0.0, 0.0, 1.0]
  T_cn_cnm1:
  - [0.9999999223695825, -3.730370159956589e-05, -0.0003922617242596676, -0.12054105023688458]
  - [3.722182714475271e-05, 0.9999999775233108, -0.0002087292764798402, -0.00017341409946856993]
  - [0.0003922695018175682, 0.00020871465957800366, 0.9999999012814083, -0.0001114423220582385]
  - [0.0, 0.0, 0.0, 1.0]
  cam_overlaps: [0]
  camera_model: pinhole
  distortion_coeffs: [-0.007436838930947274, 0.00847715661502469, 0.00037353623835001794,
    -0.0002385243010857587]
  distortion_model: radtan
  intrinsics: [311.488150850415, 311.5957226498076, 364.469128178622, 256.2905227459877]
  resolution: [752, 480]
  rostopic: /stereo_rectify/right/image
  timeshift_cam_imu: 0.00020952228305881732
T_imu_body:
- [1.0, 0.0, 0.0, 0.0]
- [0.0, 1.0, 0.0, 0.0]
- [0.0, 0.0, 1.0, 0.0]
- [0.0, 0.0, 0.0, 1.0]