cam0:
  T_cam_imu:
  - [0.999987789008452, 0.0024048098230974695, 0.004317258818204144, 0.04874020952126262]
  - [0.0023981514476904674, -0.9999959281560343, 0.001546784078715833, 0.005983276328186065]
  - [0.004320960960546582, -0.0015364117504635896, -0.9999894843123659, -0.028704627847707068]
  - [0.0, 0.0, 0.0, 1.0]
  cam_overlaps: [1]
  camera_model: pinhole
  distortion_coeffs: [-0.003740571820407176, 0.001770653921659883, 0.0004350456950913038,
    0.0001968038944285557]
  distortion_model: radtan
  intrinsics: [692.9521840074443, 693.0813010588749, 664.8570885508286, 340.44193218871055]
  resolution: [1280, 720]
  rostopic: /stereo_rectify/left/image
  timeshift_cam_imu: 0.000239437376286908
cam1:
  T_cam_imu:
  - [0.9999800022339831, 0.002558296250588847, 0.005783619318181047, -0.07102555598863428]
  - [0.0025585373729588826, -0.9999967263499241, -3.429207458330941e-05, 0.005982861306785661]
  - [0.005783512655349395, 4.908899499495882e-05, -0.9999832741459409, -0.028343484010498396]
  - [0.0, 0.0, 0.0, 1.0]
  T_cn_cnm1:
  - [0.9999989130840835, -0.00015123633330803684, -0.0014666145448871482, -0.11980690626932136]
  - [0.00015355613232764673, 0.9999987372369578, 0.001581753774872365, 3.751182945130768e-05]
  - [0.0014663734742593956, -0.0015819772632961393, 0.9999976735456801, 0.00029907111394259644]
  - [0.0, 0.0, 0.0, 1.0]
  cam_overlaps: [0]
  camera_model: pinhole
  distortion_coeffs: [-0.0007438794722276573, -0.003128621042712608, 0.0001136555722351072,
    9.118340150222801e-05]
  distortion_model: radtan
  intrinsics: [693.1714193978121, 693.1734756060157, 665.8640608081007, 339.30598871042747]
  resolution: [1280, 720]
  rostopic: /stereo_rectify/right/image
  timeshift_cam_imu: 0.0003633763220298262
T_imu_body:
- [0.0, 0.0, -1.0, 0.0]
- [-1.0, 0.0, 0.0, 0.0]
- [0.0, 1.0, 0.0, 0.0]
- [0.0, 0.0, 0.0, 1.0]
